,Name ,Incides of Possion,Incides of Material
0,,3,1
